RES_NUM,AMINO_ACID,A,C,D,E,F,G,H,I,K,L,M,N,P,Q,R,S,T,V,W,Y
1,M,0.0,0.0,0.0,0.0,0.0,0.0,0.0,0.0,0.0,0.0,1.0,0.0,0.0,0.0,0.0,0.0,0.0,0.0,0.0,0.0
2,D,0.0,0.0,1.0,0.0,0.0,0.0,0.0,0.0,0.0,0.0,0.0,0.0,0.0,0.0,0.0,0.0,0.0,0.0,0.0,0.0
3,N,0.0,0.0,0.0,0.0,0.0,0.0,0.0,0.0,0.0,0.0,0.0,0.7789473533630371,0.0,0.0,0.2210526317358017,0.0,0.0,0.0,0.0,0.0
4,S,0.0,0.0,0.15217390656471252,0.15942029654979706,0.0,0.0,0.0,0.0,0.15217390656471252,0.0,0.0,0.0,0.0,0.0,0.0,0.5362318754196167,0.0,0.0,0.0,0.0
5,H,0.0,0.0,0.08024691045284271,0.0,0.0,0.0,0.5864197611808777,0.0,0.0,0.0,0.0,0.0,0.0,0.26543208956718445,0.06790123134851456,0.0,0.0,0.0,0.0,0.0
6,D,0.0,0.0,0.5,0.20588235557079315,0.0,0.0,0.0,0.0,0.2558823525905609,0.0,0.0,0.0,0.0,0.0,0.038235295563936234,0.0,0.0,0.0,0.0,0.0
7,S,0.0,0.0,0.31470587849617004,0.29411765933036804,0.0,0.0,0.0,0.0,0.0,0.0,0.0,0.029411764815449715,0.0,0.0,0.0,0.25294119119644165,0.10882353037595749,0.0,0.0,0.0
8,D,0.1607629358768463,0.0,0.29972752928733826,0.1580381542444229,0.0,0.0,0.0,0.0,0.0,0.0,0.0,0.2806539535522461,0.0,0.04359672963619232,0.0,0.0,0.0,0.057220708578825,0.0,0.0
9,S,0.0,0.0,0.0,0.024809161201119423,0.0,0.16603054106235504,0.0,0.0,0.0,0.0,0.0,0.038167938590049744,0.0,0.0,0.0,0.5992366671562195,0.0,0.14312976598739624,0.0,0.028625953942537308
10,V,0.04621848836541176,0.0,0.0,0.15546219050884247,0.0,0.0,0.0,0.0476190485060215,0.011204482056200504,0.0,0.0,0.026610644534230232,0.0,0.35154062509536743,0.03921568766236305,0.02521008439362049,0.015406162478029728,0.1498599499464035,0.0,0.13165266811847687
11,F,0.003711952595040202,0.0,0.1551596075296402,0.1358574628829956,0.18411284685134888,0.0,0.05493689700961113,0.003711952595040202,0.1365998536348343,0.0,0.0,0.14253897964954376,0.0,0.017074981704354286,0.0,0.08314773440361023,0.06755753606557846,0.010393466800451279,0.0,0.005196733400225639
12,L,0.0,0.0,0.0024743725080043077,0.007069636136293411,0.0,0.0,0.017320608720183372,0.03923647850751877,0.5683987140655518,0.04559915140271187,0.002120890887454152,0.026157652959227562,0.016613643616437912,0.00600919034332037,0.07104983925819397,0.060445386916399,0.13008129596710205,0.007423117756843567,0.0,0.0
13,Y,0.03780160844326019,0.0,0.001876675640232861,0.005630027037113905,0.002949061570689082,0.30884718894958496,0.0,0.0,0.032171580940485,0.0,0.0,0.12707774341106415,0.0,0.4099195599555969,0.033243969082832336,0.004289544187486172,0.004557640757411718,0.0,0.0,0.03163538873195648
14,H,0.022148916497826576,0.0,0.020263902842998505,0.0,0.3663996160030365,0.0,0.12370405346155167,0.09448633342981339,0.011310084722936153,0.03652215003967285,0.02544769085943699,0.08317624777555466,0.0,0.0372290275990963,0.0263901986181736,0.06432610750198364,0.006126295775175095,0.0450047142803669,0.0,0.03746465593576431
15,I,0.002404897240921855,0.09641451388597488,0.002623524283990264,0.0034980324562639,0.21075645089149475,0.0,0.0,0.07936161011457443,0.003716659266501665,0.016178399324417114,0.0,0.0,0.0,0.003279405413195491,0.0,0.05881066992878914,0.023393090814352036,0.010056843049824238,0.03235679864883423,0.45714911818504333
16,P,0.03725286200642586,0.0,0.003537981305271387,0.0,0.01831425540149212,0.0,0.4926118552684784,0.005202913656830788,0.07034339010715485,0.011030176654458046,0.0,0.010197711177170277,0.06347554922103882,0.025182101875543594,0.004994797054678202,0.013319458812475204,0.01186264306306839,0.005827263463288546,0.003329864703118801,0.22351716458797455
17,C,0.0,1.0,0.0,0.0,0.0,0.0,0.0,0.0,0.0,0.0,0.0,0.0,0.0,0.0,0.0,0.0,0.0,0.0,0.0,0.0
18,D,0.0,0.0,0.02164328657090664,0.013426853343844414,0.6693387031555176,0.0,0.06933867931365967,0.015030059963464737,0.03767535090446472,0.0,0.0,0.0,0.08937875926494598,0.013426853343844414,0.010621242225170135,0.0,0.0,0.0076152305118739605,0.04068136215209961,0.011823647655546665
19,N,0.09637346863746643,0.010218393057584763,0.008815868757665157,0.0034061309415847063,0.0,0.5179322957992554,0.0,0.0,0.05549990013241768,0.006812261883169413,0.0,0.047685835510492325,0.0,0.009016228839755058,0.11420556902885437,0.10258465260267258,0.018433179706335068,0.009016228839755058,0.0,0.0
20,C,0.0,0.9348644018173218,0.0,0.0,0.0,0.006731340195983648,0.0,0.0,0.0,0.0,0.0,0.0,0.0,0.0,0.0,0.01306671928614378,0.045337557792663574,0.0,0.0,0.0
21,G,0.013987391255795956,0.0,0.02561071701347828,0.02383766695857048,0.0,0.7348305583000183,0.022458629682660103,0.0,0.05397951230406761,0.019306540489196777,0.0,0.033096928149461746,0.003152088262140751,0.04708431661128998,0.01004728116095066,0.012608353048563004,0.0,0.0,0.0,0.0
22,S,0.3048684597015381,0.013937965966761112,0.010208087973296642,0.12544170022010803,0.0,0.0,0.012760110199451447,0.015704751014709473,0.12151550501585007,0.043776992708444595,0.0,0.017864154651761055,0.0,0.002159403171390295,0.06458579003810883,0.07754220813512802,0.00431880634278059,0.104240283370018,0.009619159623980522,0.07145661860704422
23,S,0.031808365136384964,0.0,0.032593756914138794,0.017671313136816025,0.0,0.2332613319158554,0.19674062728881836,0.0,0.10858040302991867,0.0,0.0,0.013155311346054077,0.0,0.004712350200861692,0.006872177589684725,0.29569998383522034,0.03848419338464737,0.018653053790330887,0.0,0.0017671313835307956
24,D,0.0,0.012685827910900116,0.079682856798172,0.01010901853442192,0.003171456977725029,0.7877106070518494,0.0,0.0,0.006739345844835043,0.04499504342675209,0.0,0.0,0.0,0.0,0.0,0.0,0.005550049711018801,0.0,0.0,0.049355797469615936
25,G,0.05887017026543617,0.01010901853442192,0.3559960424900055,0.0,0.0,0.030921705067157745,0.0011892963666468859,0.017046580091118813,0.05034687742590904,0.008919722400605679,0.0,0.26481664180755615,0.0,0.0,0.0047571854665875435,0.15996035933494568,0.03706640377640724,0.0,0.0,0.0
26,N,0.2433883547782898,0.0,0.0,0.0,0.0242592953145504,0.033008549362421036,0.010737720876932144,0.07794789969921112,0.0,0.13024458289146423,0.000994233414530754,0.03221316263079643,0.0731755793094635,0.0,0.004175780341029167,0.030622391030192375,0.017498508095741272,0.2700338065624237,0.047325510531663895,0.004374627023935318
27,S,0.02353173866868019,0.0,0.0,0.017797112464904785,0.26438599824905396,0.007316590752452612,0.0,0.4526399075984955,0.006723353639245033,0.04666798561811447,0.003163931192830205,0.0,0.0,0.0,0.0,0.0438995435833931,0.03381451591849327,0.03895590454339981,0.009689539670944214,0.0514138825237751
28,L,0.019055025652050972,0.0,0.24713201820850372,0.038110051304101944,0.0,0.07388683408498764,0.004083219915628433,0.05483181029558182,0.13124635815620422,0.035387907177209854,0.007194244768470526,0.09566400945186615,0.0029165856540203094,0.025860393419861794,0.028776979073882103,0.11005249619483948,0.0970250815153122,0.028776979073882103,0.0,0.0
29,F,0.027799377217888832,0.0066096424125134945,0.0,0.00952566135674715,0.6683514714241028,0.0,0.0,0.005054432433098555,0.0,0.04296267405152321,0.0,0.012052876874804497,0.0,0.00544323492795229,0.0,0.0,0.0,0.09136858582496643,0.022356143221259117,0.10847589373588562
30,S,0.048864949494600296,0.0,0.004040015395730734,0.03174297884106636,0.0025009620003402233,0.0,0.011350519023835659,0.08734128624200821,0.09926895052194595,0.240284726023674,0.041362062096595764,0.0,0.03193536028265953,0.02828010730445385,0.0,0.050788763910532,0.040977299213409424,0.22220084071159363,0.006540977396070957,0.05252020061016083
31,D,0.08263036608695984,0.005559816025197506,0.12691718339920044,0.0525306761264801,0.0019171779276803136,0.0013420245377346873,0.012078220956027508,0.00460122711956501,0.10966257750988007,0.01878834329545498,0.3117331266403198,0.023773005232214928,0.0,0.11311350017786026,0.04006901755928993,0.03623466193675995,0.036042943596839905,0.015145705081522465,0.0,0.007860429584980011
32,G,0.005367069039493799,0.0,0.07954763621091843,0.2846463620662689,0.0,0.11615870893001556,0.04926202818751335,0.0021084914915263653,0.1725129336118698,0.08433965593576431,0.000958405202254653,0.09143185615539551,0.005367069039493799,0.03565267473459244,0.028560474514961243,0.02070155180990696,0.011309181340038776,0.009200690314173698,0.0,0.002875215606763959
33,H,0.05576849356293678,0.048677653074264526,0.005366040859371424,0.029896512627601624,0.06170946732163429,0.0191644299775362,0.10559601336717606,0.09716366231441498,0.012456879951059818,0.14794941246509552,0.12111920118331909,0.016673054546117783,0.0,0.005366040859371424,0.021080873906612396,0.09735530614852905,0.04369490221142769,0.05979302525520325,0.0,0.051169030368328094
34,T,0.09151340276002884,0.004653223790228367,0.08752492815256119,0.21958786249160767,0.0,0.15555062890052795,0.004874805919826031,0.013738090172410011,0.09395080804824829,0.02725459821522236,0.04276534542441368,0.0414358526468277,0.0,0.061156660318374634,0.015732329338788986,0.05251495540142059,0.04475958272814751,0.016175493597984314,0.009971193969249725,0.016840239986777306
35,F,0.08024139702320099,0.0,0.12270898371934891,0.04112650826573372,0.043808672577142715,0.09476978331804276,0.0858292356133461,0.02302190475165844,0.18171659111976624,0.050737593322992325,0.0,0.08806437253952026,0.02123379521071911,0.021904336288571358,0.04894948750734329,0.010058113373816013,0.03777380287647247,0.003799731843173504,0.0024586499202996492,0.04179704934358597
36,C,0.03808463364839554,0.1378619223833084,0.002004454378038645,0.006013363134115934,0.007795100100338459,0.005345211364328861,0.0,0.11091314256191254,0.07126948982477188,0.4129175841808319,0.0329621396958828,0.011804008856415749,0.005790645722299814,0.029844097793102264,0.0187082402408123,0.017149221152067184,0.02962138131260872,0.05211581289768219,0.002895322861149907,0.00690423185005784
37,Y,0.052841916680336,0.0,0.028197158128023148,0.044182948768138885,0.09746892005205154,0.008880994282662868,0.051953818649053574,0.08081705123186111,0.021314388141036034,0.03130550682544708,0.008880994282662868,0.07548845559358597,0.07460035383701324,0.02220248617231846,0.008436945267021656,0.21047957241535187,0.056394316256046295,0.02220248617231846,0.029751332476735115,0.07460035383701324
38,V,0.07014115154743195,0.0,0.01064060814678669,0.04408251866698265,0.30445167422294617,0.0777415856719017,0.05103148892521858,0.012160695157945156,0.0505971759557724,0.004777415655553341,0.0032573288772255182,0.07622149586677551,0.0010857763700187206,0.02149837091565132,0.08686210960149765,0.07947883009910583,0.034961998462677,0.037785016000270844,0.0,0.03322475403547287
39,C,0.12441214174032211,0.20500214397907257,0.0025651988107711077,0.011329627595841885,0.019025225192308426,0.019238991662859917,0.0027789652813225985,0.10923471301794052,0.019025225192308426,0.04553227871656418,0.044463444501161575,0.021804189309477806,0.05728944018483162,0.007909363135695457,0.01154339499771595,0.12398461252450943,0.035699017345905304,0.12441214174032211,0.0,0.014749892987310886
40,E,0.014156508259475231,0.0,0.11167912185192108,0.4258749485015869,0.06252457946538925,0.09142744541168213,0.009830907918512821,0.006685017608106136,0.02752654254436493,0.004718835931271315,0.011010617017745972,0.07156901061534882,0.035194650292396545,0.03224537894129753,0.031065670773386955,0.03657097741961479,0.02143138088285923,0.0011797089828178287,0.000786472694016993,0.004522217903286219
41,K,0.22883829474449158,0.0,0.021404942497611046,0.04319906607270241,0.10449504107236862,0.03755594417452812,0.0632418766617775,0.08931698650121689,0.07316598296165466,0.033080365508794785,0.020237401127815247,0.03249659389257431,0.017318544909358025,0.0060323020443320274,0.029772330075502396,0.053901538252830505,0.05137186124920845,0.03269118443131447,0.015956411138176918,0.04592332988977432
42,W,0.03661191463470459,0.0,0.03878884017467499,0.11240846663713455,0.013655254617333412,0.07223431766033173,0.005145458038896322,0.02335246466100216,0.07441124320030212,0.04888185113668442,0.0021769246086478233,0.08490005880594254,0.011874133720993996,0.025529388338327408,0.0385909378528595,0.06550563871860504,0.0813378170132637,0.15515536069869995,0.03146645426750183,0.07797347754240036
43,T,0.017163148149847984,0.030183468014001846,0.03846912458539009,0.15249556303024292,0.055632274597883224,0.028999803587794304,0.012823042459785938,0.09508778899908066,0.09035312384366989,0.04695206135511398,0.005326494574546814,0.04912211373448372,0.0,0.056815940886735916,0.036299072206020355,0.11935292929410934,0.07614914327859879,0.08029197156429291,0.0,0.008482935838401318
44,A,0.044975124299526215,0.0,0.03781094402074814,0.11482586711645126,0.022288557142019272,0.09273631870746613,0.028656715527176857,0.004378109239041805,0.06905472278594971,0.006766169331967831,0.005572139285504818,0.031243780627846718,0.2923383116722107,0.0342288538813591,0.05970149114727974,0.058109451085329056,0.022686567157506943,0.02547263726592064,0.0,0.04915422946214676
45,G,0.05755825713276863,0.02190798707306385,0.00199163518846035,0.01015733927488327,0.0716988667845726,0.04501095414161682,0.0021907987538725138,0.07906791567802429,0.002987452782690525,0.3955387473106384,0.02350129373371601,0.0517825148999691,0.01254730112850666,0.03903605043888092,0.04600677266716957,0.03345946967601776,0.01055566594004631,0.06233818084001541,0.0159330815076828,0.01672973483800888
46,N,0.20807760953903198,0.0,0.16214610636234283,0.04929716885089874,0.0,0.07345080375671387,0.034052662551403046,0.0,0.11364085972309113,0.004949514754116535,0.0,0.09126905351877213,0.07859829813241959,0.05365274101495743,0.02217382751405239,0.04434765502810478,0.023163730278611183,0.011284894309937954,0.0,0.02989507094025612
47,E,0.09246975928544998,0.0,0.061061255633831024,0.14299649000167847,0.022434646263718605,0.1326570361852646,0.013460787944495678,0.007608271669596434,0.08330082148313522,0.007608271669596434,0.001170503324829042,0.09207959473133087,0.009168942458927631,0.06613343954086304,0.04623487964272499,0.04740538448095322,0.12251268327236176,0.009364026598632336,0.0,0.0423332042992115
48,D,0.008533439598977566,0.0,0.1450684666633606,0.10220281779766083,0.003969041630625725,0.10597340762615204,0.005358206108212471,0.0317523330450058,0.0902956947684288,0.035324469208717346,0.01686842553317547,0.08017463982105255,0.01488390564918518,0.05874181538820267,0.104584239423275,0.04703314229846001,0.0519944429397583,0.05397896468639374,0.0,0.043262552469968796
49,T,0.15370336174964905,0.0,0.07462409138679504,0.1371821016073227,0.038240209221839905,0.0285873394459486,0.010766660794615746,0.01874884031713009,0.10785223543643951,0.03749768063426018,0.004826433956623077,0.08056432008743286,0.015036198310554028,0.07035455852746964,0.025245962664484978,0.07462409138679504,0.04807870835065842,0.025431593880057335,0.009467235766351223,0.03916836902499199
50,K,0.04252172261476517,0.0,0.08559807389974594,0.12275836616754532,0.004991680383682251,0.11295988410711288,0.02921057492494583,0.021445738151669502,0.05601774901151657,0.01682381145656109,0.006470697000622749,0.042706601321697235,0.013865779154002666,0.10001848638057709,0.0876317247748375,0.03309299424290657,0.03716028854250908,0.1540025919675827,0.004252172075212002,0.028471067547798157
51,E,0.010461903177201748,0.0,0.01401500217616558,0.14370311796665192,0.005329648498445749,0.07046979665756226,0.019936833530664444,0.05329648777842522,0.07264113426208496,0.021318593993782997,0.024082116782665253,0.06454796344041824,0.057244375348091125,0.20726411044597626,0.0219107773154974,0.10876431316137314,0.0450059212744236,0.057244375348091125,0.0,0.0027635216247290373
52,R,0.06022350862622261,0.001241721911355853,0.026490066200494766,0.16928808391094208,0.0540148988366127,0.08754139393568039,0.00848509930074215,0.04304635897278786,0.13762417435646057,0.02607615850865841,0.0033112582750618458,0.03518211841583252,0.06746688485145569,0.0767797976732254,0.07160595804452896,0.023592716082930565,0.07822847366333008,0.01593543030321598,0.0,0.013865893706679344
53,A,0.09217533469200134,0.0,0.133961483836174,0.19213436543941498,0.01147070899605751,0.058582548052072525,0.00901270005851984,0.030725112184882164,0.07496927678585052,0.08480130881071091,0.01474805362522602,0.03646046668291092,0.012085210531949997,0.03605080023407936,0.053666528314352036,0.027652600780129433,0.02294141799211502,0.08930765837430954,0.00491601787507534,0.014338386245071888
54,S,0.09363599866628647,0.00182407780084759,0.05269557982683182,0.15322253108024597,0.006080259568989277,0.011349817737936974,0.0028374544344842434,0.03972436115145683,0.0737738162279129,0.02817186899483204,0.006080259568989277,0.03182002529501915,0.15585730969905853,0.04114308953285217,0.05512768402695656,0.167815163731575,0.03263072669506073,0.02857721969485283,0.0,0.017632752656936646
55,K,0.03972269222140312,0.001124227070249617,0.10005620867013931,0.061270374804735184,0.006370620336383581,0.030541501939296722,0.031478360295295715,0.000749484752304852,0.13884204626083374,0.0710136815905571,0.0048716505989432335,0.027356192469596863,0.01686340570449829,0.07850852608680725,0.17125725746154785,0.10174255073070526,0.08918868005275726,0.012741240672767162,0.0009368559112772346,0.015364437364041805
56,R,0.0983213409781456,0.0,0.010514665395021439,0.07839881628751755,0.019553588703274727,0.006825308781117201,0.003320420626550913,0.16509869694709778,0.03043718822300434,0.07544733583927155,0.023242944851517677,0.019553588703274727,0.014019553549587727,0.04261206462979317,0.14720530807971954,0.02305847592651844,0.047961629927158356,0.09942814707756042,0.006087437737733126,0.08891348540782928
57,K,0.05500730872154236,0.0,0.0902777761220932,0.08150584995746613,0.0010964912362396717,0.02576754428446293,0.0173611119389534,0.0173611119389534,0.18183480203151703,0.02576754428446293,0.021929824724793434,0.10179093480110168,0.010599414817988873,0.030336257070302963,0.058662280440330505,0.1045321673154831,0.13377192616462708,0.028691520914435387,0.003289473708719015,0.010416666977107525
58,P,0.03283635154366493,0.0,0.07082001864910126,0.05963791161775589,0.020056797191500664,0.020056797191500664,0.012247071601450443,0.1226482093334198,0.042598508298397064,0.08519701659679413,0.018104366958141327,0.05129570513963699,0.20252041518688202,0.09815406799316406,0.043130990117788315,0.030528930947184563,0.056975506246089935,0.010294639505445957,0.0,0.022896697744727135
59,S,0.09545695781707764,0.0,0.01555594801902771,0.15697365999221802,0.0033586707431823015,0.028106769546866417,0.02863708697259426,0.052324552088975906,0.09121442586183548,0.05426904559135437,0.012020505964756012,0.06752695888280869,0.008838606998324394,0.0641682893037796,0.06505214422941208,0.1210889145731926,0.09015379101037979,0.013257910497486591,0.0019444935023784637,0.03005126304924488
60,G,0.10583493858575821,0.0010513404849916697,0.12563519179821014,0.061503417789936066,0.03679691627621651,0.04345540702342987,0.0024531276430934668,0.04538286477327347,0.039600491523742676,0.10110390931367874,0.030664097517728806,0.031014543026685715,0.009462064132094383,0.09654809534549713,0.10285614430904388,0.02803574502468109,0.04433152452111244,0.04135272651910782,0.025407394394278526,0.02751007489860058
61,G,0.10244327783584595,0.0,0.05410122126340866,0.1272251307964325,0.004188481718301773,0.04188481718301773,0.006631762720644474,0.04328097775578499,0.05916230380535126,0.02705061063170433,0.011343804188072681,0.06317626684904099,0.029144851490855217,0.08464223146438599,0.053926702588796616,0.08150087296962738,0.06178010627627373,0.11361256241798401,0.0,0.03490401431918144
62,K,0.10010518878698349,0.0019284712616354227,0.01875876635313034,0.12640252709388733,0.001753155724145472,0.015427770093083382,0.017531557008624077,0.007889200933277607,0.21143057942390442,0.02436886355280876,0.0015778400702401996,0.07205469906330109,0.0029803647194057703,0.04610799252986908,0.256661981344223,0.042952314019203186,0.027524543926119804,0.002103786915540695,0.0024544179905205965,0.019985973834991455
63,P,0.14646291732788086,0.008413461968302727,0.027129121124744415,0.050137363374233246,0.03743131831288338,0.02833104319870472,0.014594780281186104,0.03880494460463524,0.21806319057941437,0.11195054650306702,0.010473901405930519,0.042754121124744415,0.07108516246080399,0.04309752583503723,0.059065934270620346,0.027129121124744415,0.007554945070296526,0.038289833813905716,0.0,0.01923076994717121
64,G,0.1056731566786766,0.006435224320739508,0.03810330107808113,0.054530058056116104,0.11888230592012405,0.017612192779779434,0.007959356531500816,0.08145639300346375,0.019644368439912796,0.03353090584278107,0.04877222701907158,0.017442844808101654,0.004911092109978199,0.06181202456355095,0.08806096762418747,0.0980524942278862,0.057070277631282806,0.02489415742456913,0.0013547841226682067,0.11380185931921005
65,T,0.035962678492069244,0.01051738765090704,0.04020356386899948,0.11450381577014923,0.015436810441315174,0.0008481764234602451,0.0683630183339119,0.0110262930393219,0.060559798032045364,0.10025445371866226,0.0039016115479171276,0.05021204426884651,0.027480915188789368,0.0793893113732338,0.12145886570215225,0.08837998658418655,0.07684478163719177,0.012044104747474194,0.017472434788942337,0.06513994932174683
66,Y,0.057692307978868484,0.0,0.0820285901427269,0.10891763120889664,0.07658270746469498,0.008168822154402733,0.06654186546802521,0.026378488168120384,0.08407079428434372,0.05156569182872772,0.02654867246747017,0.05411844700574875,0.015997277572751045,0.033526208251714706,0.058032676577568054,0.05190605670213699,0.024336284026503563,0.027739958837628365,0.0027229408733546734,0.14312458038330078
67,N,0.06567060202360153,0.005038220901042223,0.10076441615819931,0.11640027910470963,0.01911049336194992,0.0033009033650159836,0.016504516825079918,0.007991661317646503,0.03457261994481087,0.03492008522152901,0.004169562365859747,0.18276581168174744,0.008512856438755989,0.09954829514026642,0.05733148008584976,0.04708130657672882,0.015809589996933937,0.005385684315115213,0.0,0.17512160539627075
68,V,0.027914326637983322,0.002106741536408663,0.014044944196939468,0.055828653275966644,0.028089888393878937,0.0409059002995491,0.06214887648820877,0.07198033481836319,0.027212077751755714,0.26773175597190857,0.013342696242034435,0.01597612351179123,0.02212078683078289,0.0684690997004509,0.03704353794455528,0.0684690997004509,0.01369382068514824,0.06776685267686844,0.0007022471982054412,0.09445224702358246
69,W,0.0776631087064743,0.002273919992148876,0.008745845407247543,0.011544516310095787,0.04232989251613617,0.003323421347886324,0.018716109916567802,0.09025713056325912,0.0283365398645401,0.2880881726741791,0.07783802598714828,0.023613782599568367,0.0012244184035807848,0.0676928460597992,0.017491690814495087,0.019065944477915764,0.030960293486714363,0.03620780259370804,0.05632324516773224,0.09830330312252045
70,N,0.04904435575008392,0.0010818608570843935,0.06202668696641922,0.13883879780769348,0.028669310733675957,0.0,0.0326361358165741,0.0016227911692112684,0.08708979189395905,0.011900468729436398,0.01226108893752098,0.15308330953121185,0.02055535465478897,0.07951676845550537,0.13577352464199066,0.04075009003281593,0.07122249901294708,0.0,0.002704652026295662,0.07122249901294708
71,F,0.026261230930685997,0.0,0.0017277124570682645,0.004837594926357269,0.09657912701368332,0.0008638562285341322,0.004837594926357269,0.025224601849913597,0.03662750497460365,0.384070485830307,0.029543884098529816,0.07982032001018524,0.008293019607663155,0.022114720195531845,0.012093987315893173,0.07083621621131897,0.07705597579479218,0.10694540292024612,0.01123013161122799,0.0010366274509578943
72,G,0.06586457043886185,0.00431898795068264,0.05367885157465935,0.18247725069522858,0.0018509948858991265,0.033934906125068665,0.04133888706564903,0.008329477161169052,0.16658954322338104,0.025296930223703384,0.02514268085360527,0.08005552738904953,0.11568718403577805,0.05660959333181381,0.029307419434189796,0.03995063900947571,0.02822767198085785,0.012031466700136662,0.0,0.029307419434189796
73,E,0.07273829728364944,0.0006061524618417025,0.047886043787002563,0.2968631684780121,0.03697529807686806,0.03833914175629616,0.008940748870372772,0.028034551069140434,0.1128958910703659,0.08001212030649185,0.004697681404650211,0.058190636336803436,0.060312166810035706,0.029095318168401718,0.016517654061317444,0.03318684548139572,0.024397635832428932,0.041824519634246826,0.0,0.008486134000122547
74,S,0.146652489900589,0.0012145134387537837,0.002277212683111429,0.045544255524873734,0.02201305516064167,0.18005160987377167,0.02702292427420616,0.018217701464891434,0.028844693675637245,0.06528009474277496,0.0,0.14741156995296478,0.010930621065199375,0.027933809906244278,0.01928040012717247,0.13557006418704987,0.06998633593320847,0.005465310532599688,0.0,0.04630332440137863
75,N,0.11075805872678757,0.025722499936819077,0.02617642655968666,0.12830987572669983,0.0025722498539835215,0.03026176430284977,0.032228779047727585,0.0866999551653862,0.09063398092985153,0.03328794240951538,0.0,0.05810258910059929,0.10001513361930847,0.11030413210391998,0.050537146627902985,0.0656680315732956,0.0414586178958416,0.007262823637574911,0.0,0.0
76,G,0.07902689278125763,0.02825627103447914,0.051223933696746826,0.1795104295015335,0.015261407941579819,0.07162284851074219,0.02961619757115841,0.023723179474473,0.10486552119255066,0.07237835973501205,0.00861287396401167,0.05500151216983795,0.10259897261857986,0.04094892740249634,0.0417044423520565,0.03399818763136864,0.011634934693574905,0.02478090114891529,0.0,0.02523420937359333
77,R,0.44942325353622437,0.007837917655706406,0.009168884716928005,0.1492162048816681,0.010795622132718563,0.10351967066526413,0.01730257272720337,0.016711032018065453,0.021739130839705467,0.01937296614050865,0.002661934355273843,0.002661934355273843,0.024401064962148666,0.025879917666316032,0.026323573663830757,0.009908311069011688,0.0038450162392109632,0.0899142250418663,0.007542147301137447,0.0017746229423210025
78,Y,0.06411907821893692,0.0,0.0004293688398320228,0.0,0.034349504858255386,0.0015743523836135864,0.01202232763171196,0.14655789732933044,0.03692571818828583,0.3151567280292511,0.01660226099193096,0.003578073577955365,0.0,0.014026048593223095,0.23572348058223724,0.020895950496196747,0.028481464833021164,0.03005581721663475,0.0021468440536409616,0.03735508769750595
79,S,0.10037121921777725,0.011422044597566128,0.1453455239534378,0.18046830594539642,0.004140491131693125,0.013849228620529175,0.007709879893809557,0.005139919929206371,0.14149057865142822,0.005568246822804213,0.018275272101163864,0.09865790605545044,0.010422615334391594,0.09323243796825409,0.029554540291428566,0.04882923886179924,0.05796687677502632,0.023557966575026512,0.0015705311670899391,0.0024271844886243343
80,A,0.11282490938901901,0.0,0.04013139009475708,0.028706083074212074,0.04941445216536522,0.0,0.0,0.0,0.01570979692041874,0.011710939928889275,0.006141102407127619,0.013853184878826141,0.010711225681006908,0.0,0.02799200266599655,0.007140817120671272,0.01156812347471714,0.0018566123908385634,0.03884604573249817,0.6233932971954346
81,L,0.006696110591292381,0.0024219974875450134,0.0,0.0,0.10143895447254181,0.0,0.0,0.036187492311000824,0.0,0.7838723659515381,0.007693403400480747,0.0,0.01353469118475914,0.0,0.0,0.0,0.0,0.013962103053927422,0.03162843734025955,0.002564467955380678
82,T,0.11555428802967072,0.0,0.040557850152254105,0.11128504574298859,0.0,0.045254021883010864,0.018926996737718582,0.01010388508439064,0.2319624274969101,0.06944642215967178,0.00370001420378685,0.0444001704454422,0.012238509021699429,0.0974811464548111,0.04866941645741463,0.0344385951757431,0.07001565396785736,0.01878468692302704,0.0,0.027180872857570648
83,A,0.0838434174656868,0.0,0.05637010559439659,0.09864768385887146,0.010391458868980408,0.06960853934288025,0.003985764924436808,0.020925266668200493,0.2220640629529953,0.05138789862394333,0.00042704626685008407,0.03886121138930321,0.0,0.10163701325654984,0.07174377143383026,0.12597864866256714,0.03373665362596512,0.008113878779113293,0.0,0.002277580089867115
84,R,0.0018502704333513975,0.0,0.0,0.0,0.0,0.007258753292262554,0.0,0.0,0.03615143895149231,0.0,0.0,0.0025619128718972206,0.0,0.0,0.8699117302894592,0.007970395497977734,0.025619128718972206,0.0,0.0,0.048676345497369766
85,G,0.10711285471916199,0.014701764099299908,0.007420890498906374,0.005320638418197632,0.001680201618000865,0.5474656820297241,0.0317838154733181,0.0,0.1330159604549408,0.000700084026902914,0.0068608233705163,0.09773172438144684,0.0018202184000983834,0.014281713403761387,0.014561747200787067,0.014981797896325588,0.0005600671865977347,0.0,0.0,0.0
86,I,0.0008401008090004325,0.0,0.0,0.0,0.1432371884584427,0.0,0.0,0.3772052526473999,0.0,0.413049578666687,0.011481378227472305,0.0,0.0,0.0,0.0,0.0,0.004760571289807558,0.03990478813648224,0.008541025221347809,0.000980117591097951
87,S,0.020302435383200645,0.0,0.10823298990726471,0.004620554391294718,0.0008401008090004325,0.02198263816535473,0.001680201618000865,0.000700084026902914,0.03528423234820366,0.006160739343613386,0.0,0.09129095822572708,0.05124615132808685,0.017222067341208458,0.01834220066666603,0.3797255754470825,0.2412489503622055,0.00042005040450021625,0.0,0.000700084026902914
88,K,0.05444366857409477,0.0,0.13561931252479553,0.10328901559114456,0.028551435098052025,0.09251224994659424,0.003918824251741171,0.018474457785487175,0.09587123990058899,0.13561931252479553,0.006578026805073023,0.0268719382584095,0.13393981754779816,0.06270118802785873,0.038348495960235596,0.030370889231562614,0.02477256767451763,0.002799160312861204,0.005318404641002417,0.0
89,E,0.09824169427156448,0.0,0.10982417315244675,0.47446274757385254,0.0,0.006977393291890621,0.024979067966341972,0.002511861501261592,0.06670387834310532,0.010605637915432453,0.0011163828894495964,0.03600334748625755,0.012698855251073837,0.051772259175777435,0.00907061155885458,0.0555400513112545,0.03656154125928879,0.0029305052012205124,0.0,0.0
90,T,0.03294248878955841,0.0,0.08249581605195999,0.01996091566979885,0.0011166945332661271,0.0013958682538941503,0.0069793411530554295,0.1566164195537567,0.0,0.10510887950658798,0.015912897884845734,0.014656616374850273,0.0,0.019821329042315483,0.0,0.018285874277353287,0.3901451826095581,0.13274706900119781,0.0018146287184208632,0.0
91,C,0.14463213086128235,0.058215830475091934,0.0,0.0,0.010051654651761055,0.0,0.0,0.3374284505844116,0.0,0.24738238751888275,0.018009213730692863,0.0,0.0,0.017311181873083115,0.01912606507539749,0.003769370261579752,0.014519056305289268,0.12760016322135925,0.001954488456249237,0.0
92,Q,0.09921853244304657,0.0011163828894495964,0.08107730746269226,0.196064755320549,0.0,0.006000558380037546,0.001255930750630796,0.022327657788991928,0.2697460353374481,0.01814122311770916,0.003349148668348789,0.0425620973110199,0.0,0.06475020945072174,0.09433435648679733,0.0520513541996479,0.015908457338809967,0.02595590241253376,0.0,0.00614010589197278
93,K,0.0261838436126709,0.0037604456301778555,0.06796657294034958,0.08830083906650543,0.029944289475679398,0.007938718423247337,0.0747910887002945,0.014345403760671616,0.2387186586856842,0.031197771430015564,0.0044568246230483055,0.028830083087086678,0.0,0.04818941652774811,0.27089136838912964,0.019220056012272835,0.03690807893872261,0.0041782730259001255,0.0,0.0041782730259001255
94,A,0.020061299204826355,0.0,0.0,0.0006965728825889528,0.6592365503311157,0.0,0.0071050431579351425,0.004736695438623428,0.0,0.0585121214389801,0.02284758910536766,0.04527723416686058,0.0,0.0,0.006826414261013269,0.0,0.0008358874474652112,0.003482864238321781,0.005293953698128462,0.1650877743959427
95,G,0.011838439851999283,0.010724234394729137,0.027994429692626,0.06977716088294983,0.006685236934572458,0.2940111458301544,0.04749303683638573,0.0,0.17618384957313538,0.05139275640249252,0.004038996994495392,0.07715877145528793,0.0,0.0856545940041542,0.08704735338687897,0.0371866300702095,0.0022284123115241528,0.0009749303571879864,0.003064066870138049,0.006545960903167725
96,Y,0.01587964966893196,0.026048196479678154,0.0,0.0,0.008079119957983494,0.011840089224278927,0.0,0.3627246022224426,0.0,0.2833263576030731,0.0160189438611269,0.0,0.00139295170083642,0.0,0.0,0.0,0.004736035596579313,0.2324836254119873,0.0,0.03747040033340454
97,W,0.011699164286255836,0.006824512500315905,0.0,0.0013927576364949346,0.04582172632217407,0.7069637775421143,0.0,0.0,0.030083565041422844,0.002785515272989869,0.02311977744102478,0.0,0.0,0.0020891365129500628,0.1006963774561882,0.0,0.005431754980236292,0.012952646240592003,0.025626741349697113,0.024512534961104393
98,I,0.023799583315849304,0.014335420913994312,0.0,0.006958942394703627,0.2393876165151596,0.0,0.03535142540931702,0.02881002053618431,0.0,0.05288796126842499,0.0,0.0,0.0,0.03702157363295555,0.0016701461281627417,0.05288796126842499,0.015588030219078064,0.09227557480335236,0.009185804054141045,0.38983994722366333
99,A,0.5054287314414978,0.020044542849063873,0.0201837420463562,0.0019487750250846148,0.016564587131142616,0.07934298366308212,0.016842983663082123,0.023663697764277458,0.058741647750139236,0.05929844081401825,0.0013919821940362453,0.0036191537510603666,0.0,0.014755011536180973,0.007934298366308212,0.08198775351047516,0.01419821847230196,0.06180400773882866,0.0038975500501692295,0.008351893164217472
100,K,0.028812367469072342,0.0,0.054813772439956665,0.05888966843485832,0.005903021898120642,0.03766690194606781,0.014617006294429302,0.01658467948436737,0.06563597917556763,0.027828531339764595,0.0,0.029093464836478233,0.4390723705291748,0.024595923721790314,0.06605762243270874,0.06057624891400337,0.051862262189388275,0.013773717917501926,0.0,0.0042164442129433155
101,V,0.05767611414194107,0.0,0.20235756039619446,0.08237440139055252,0.04041538015007973,0.017962390556931496,0.02750491164624691,0.01922537200152874,0.08363738656044006,0.04841425642371178,0.031434185802936554,0.11352792382240295,0.08167275041341782,0.029750211164355278,0.053466178476810455,0.04462531581521034,0.01964636519551277,0.03522312641143799,0.0096828518435359,0.0014033118495717645
102,D,0.020767688751220703,0.0017187052872031927,0.06631337851285934,0.07218562066555023,0.09008879959583282,0.028358636423945427,0.024348324164748192,0.013892867602407932,0.024634774774312973,0.052134059369564056,0.011314809322357178,0.011887711472809315,0.0020051561295986176,0.0211973637342453,0.3037811517715454,0.07719851285219193,0.0764823853969574,0.008736751973628998,0.015468346886336803,0.07748495787382126
103,G,0.05084498971700668,0.0023310023825615644,0.025495337322354317,0.05944056063890457,0.5681818127632141,0.022581584751605988,0.0026223775930702686,0.0024766898714005947,0.03190559521317482,0.031031468883156776,0.0017482517287135124,0.09149184077978134,0.019813518971204758,0.017773892730474472,0.031177155673503876,0.0011655011912807822,0.0074300700798630714,0.0,0.00699300691485405,0.025495337322354317
104,V,0.02527177706360817,0.0007059155614115298,0.004376676399260759,0.08456868678331375,0.038260623812675476,0.13751235604286194,0.04687279462814331,0.021036284044384956,0.03557814657688141,0.008753352798521519,0.0,0.03995482251048088,0.0,0.033601582050323486,0.38853591680526733,0.08089792728424072,0.011859381571412086,0.02047155238687992,0.007906254380941391,0.013835945166647434
105,M,0.0020844913087785244,0.0,0.12201222777366638,0.0628126710653305,0.03376876190304756,0.18287937343120575,0.032518066465854645,0.033907726407051086,0.0668426901102066,0.011673151515424252,0.02292940579354763,0.24319066107273102,0.014730405993759632,0.028765982016921043,0.06628682464361191,0.013479710556566715,0.004307948984205723,0.018343525007367134,0.0031962201464921236,0.0362701490521431
106,Y,0.009184525348246098,0.03284163773059845,0.07319788634777069,0.0,0.0,0.0,0.010993598960340023,0.01948232762515545,0.0066796550527215,0.01349846925586462,0.0,0.05232396349310875,0.015029223635792732,0.004870581906288862,0.558447003364563,0.06276092678308487,0.016003340482711792,0.0936543270945549,0.0034789869096130133,0.027553576976060867
107,Q,0.08173477649688721,0.0,0.008201278746128082,0.0,0.0009730330784805119,0.0,0.002085070824250579,0.36335834860801697,0.03030303120613098,0.19474561512470245,0.0023630803916603327,0.023352794349193573,0.0022240756079554558,0.04614957049489021,0.0,0.004309146665036678,0.00945232156664133,0.20475396513938904,0.0022240756079554558,0.023769808933138847
108,V,0.01151012908667326,0.010435850359499454,0.0021485574543476105,0.006752608809620142,0.0006138735334388912,0.0,0.0,0.20042970776557922,0.013351749628782272,0.0850214883685112,0.2995702922344208,0.03790669143199921,0.01734192669391632,0.005217925179749727,0.02685696817934513,0.0016881522024050355,0.09914057701826096,0.18201351165771484,0.0,0.0
109,A,0.06277517229318619,0.0,0.0,0.02968328446149826,0.5030535459518433,0.013066326268017292,0.03777872398495674,0.12753869593143463,0.006675187963992357,0.041045304387807846,0.0,0.0072432891465723515,0.0,0.0,0.02428632229566574,0.0021303792018443346,0.0,0.07996023446321487,0.056952137500047684,0.007811390329152346
110,D,0.0015412638895213604,0.0,0.02143757790327072,0.026902059093117714,0.15034328401088715,0.002381953177973628,0.04553734138607979,0.0,0.008126663975417614,0.007706318981945515,0.0,0.02914389781653881,0.6499930024147034,0.0,0.0,0.018355051055550575,0.007426089607179165,0.002101723337545991,0.0,0.02900378219783306
111,Y,0.0,0.0023555494844913483,0.0,0.0,0.04627961665391922,0.0,0.0,0.47886934876441956,0.0,0.03367049992084503,0.00831370335072279,0.04226132854819298,0.11985589563846588,0.0070666479878127575,0.0,0.010253568179905415,0.036580298095941544,0.06415408104658127,0.04239989072084427,0.10793958604335785
112,R,0.010369141586124897,0.009401354938745499,0.010922161862254143,0.008018802851438522,0.09829945862293243,0.005668464116752148,0.056269872933626175,0.03248997777700424,0.08184708654880524,0.018802709877490997,0.006497995462268591,0.026959767565131187,0.05087792128324509,0.00898658949881792,0.21858149766921997,0.018249688670039177,0.07811419665813446,0.0053919535130262375,0.0024885940365493298,0.2517627477645874
113,D,0.030131306499242783,0.0,0.3975121080875397,0.0,0.0,0.02474084310233593,0.0019350380171090364,0.0,0.015894955024123192,0.0299930889159441,0.0,0.1936420202255249,0.0,0.033033862709999084,0.015894955024123192,0.058604009449481964,0.09523151069879532,0.0006910850061103702,0.06427090615034103,0.038424327969551086
114,Q,0.06334342807531357,0.0,0.06334342807531357,0.07780225574970245,0.015147342346608639,0.022583309561014175,0.016111264005303383,0.07298264652490616,0.05081244930624962,0.05329110473394394,0.014596530236303806,0.07146791368722916,0.04585513472557068,0.060589369386434555,0.10313963145017624,0.12847700715065002,0.020930873230099678,0.04516661912202835,0.0009639217751100659,0.0733957588672638
115,N,0.01579887419939041,0.0,0.09561753273010254,0.02005770057439804,0.012639098800718784,0.06978980451822281,0.02926226146519184,0.009891469031572342,0.11457617580890656,0.014837202616035938,0.0024728672578930855,0.10976782441139221,0.013051243498921394,0.08709987998008728,0.21665063500404358,0.11306498199701309,0.03723038733005524,0.01469982136040926,0.0,0.02349223755300045
116,G,0.004670971073210239,0.009754086844623089,0.01469982136040926,0.04519851505756378,0.04039016366004944,0.6947382688522339,0.0009616705356165767,0.0,0.019096029922366142,0.02349223755300045,0.014837202616035938,0.057562850415706635,0.0,0.004945734515786171,0.02514081634581089,0.03255941718816757,0.0,0.0,0.0034345376770943403,0.008517653681337833
117,N,0.016586702316999435,0.0016449623508378863,0.039342015981674194,0.0793694332242012,0.0023303632624447346,0.01315969880670309,0.01932830736041069,0.0,0.108841672539711,0.05894448235630989,0.006031528580933809,0.11953392624855042,0.003975325729697943,0.10089102387428284,0.2915695607662201,0.04907470941543579,0.052775874733924866,0.02481151558458805,0.0,0.011788896284997463
118,I,0.016133442521095276,0.016270166262984276,0.0,0.056740496307611465,0.003964998759329319,0.0,0.008066721260547638,0.14096254110336304,0.008887065574526787,0.18758545815944672,0.010117582976818085,0.007929997518658638,0.02761826664209366,0.0,0.003144653979688883,0.0,0.07533497363328934,0.3747607469558716,0.0021875854581594467,0.06029532477259636
119,V,0.01137624867260456,0.009433962404727936,0.0038845727685838938,0.017619311809539795,0.01942286267876625,0.0022197559010237455,0.009850166738033295,0.3292175233364105,0.010127635672688484,0.07991120964288712,0.0009711431921459734,0.04300776869058609,0.0,0.01567702554166317,0.03079911135137081,0.0,0.04980577155947685,0.35682573914527893,0.0019422863842919469,0.00790788047015667
120,S,0.24517829716205597,0.0,0.004717635456472635,0.014569168910384178,0.042181212455034256,0.4268072843551636,0.004856389481574297,0.001526293926872313,0.006798945367336273,0.0066601913422346115,0.0,0.02053559012711048,0.0,0.04342999681830406,0.05133897438645363,0.07797974348068237,0.009574024938046932,0.016650479286909103,0.0,0.027195781469345093
121,Q,0.052441731095314026,0.04689234122633934,0.0,0.0,0.5244173407554626,0.0,0.0,0.05896226316690445,0.0038845727685838938,0.08240843564271927,0.03898446261882782,0.0,0.011098778806626797,0.03190898895263672,0.022197557613253593,0.0,0.0029134296346455812,0.02330743707716465,0.01359600480645895,0.08698668330907822
122,K,0.020119328051805496,0.0,0.013181628659367561,0.010545303113758564,0.02206188440322876,0.39198002219200134,0.0043013738468289375,0.03996114805340767,0.23671430349349976,0.01567920111119747,0.0023588177282363176,0.03191341832280159,0.0,0.019286803901195526,0.020951852202415466,0.13181628286838531,0.0011100319679826498,0.009574024938046932,0.0,0.028444567695260048
123,V,0.08624514937400818,0.02925679460167885,0.0,0.0020798668265342712,0.006932889577001333,0.5063782334327698,0.002218524692580104,0.05865224450826645,0.0,0.08929561823606491,0.0,0.0018025513272732496,0.0024958401918411255,0.030920688062906265,0.014420410618185997,0.010537992231547832,0.03230726718902588,0.05116472393274307,0.0,0.07529117912054062
124,R,0.0,0.0,0.007068607024848461,0.0,0.0,0.0,0.0048510050401091576,0.007484407629817724,0.01593901589512825,0.019819820299744606,0.0,0.009009009227156639,0.017463617026805878,0.02203742228448391,0.8823285102844238,0.006930007133632898,0.0,0.0,0.0,0.007068607024848461
125,D,0.1077868863940239,0.004781420808285475,0.07117486000061035,0.019945355132222176,0.0013661201810464263,0.04562841355800629,0.019672131165862083,0.08237704634666443,0.10669399052858353,0.024180328473448753,0.0,0.008196720853447914,0.019672131165862083,0.006420765072107315,0.08729508519172668,0.16543716192245483,0.08019125461578369,0.1420765072107315,0.0017759562470018864,0.005327868741005659
126,K,0.04210962355136871,0.0,0.12163468450307846,0.11873532831668854,0.007179345469921827,0.10658566653728485,0.006627088412642479,0.05191219225525856,0.1863868534564972,0.0775921568274498,0.006627088412642479,0.032030925154685974,0.012701919302344322,0.06778959184885025,0.01629159227013588,0.05205025523900986,0.06281927227973938,0.013530305586755276,0.0,0.01739610731601715
127,D,0.09735433757305145,0.0,0.09839476644992828,0.06614150106906891,0.0,0.05648038163781166,0.0014863257529214025,0.010998810641467571,0.07609988003969193,0.04875148460268974,0.0,0.02526753954589367,0.35002973675727844,0.06227705255150795,0.019768133759498596,0.030321046710014343,0.04042806103825569,0.010107015259563923,0.0,0.006093935575336218
128,K,0.030594147741794586,0.004286136478185654,0.0,0.027933785691857338,0.0,0.01817913167178631,0.0,0.0,0.6661247611045837,0.0,0.005764114670455456,0.03355010226368904,0.05690215900540352,0.010937037877738476,0.0,0.09961572289466858,0.01877032220363617,0.027342595160007477,0.0,0.0
129,N,0.029008515179157257,0.0,0.05209986865520477,0.02958579920232296,0.0,0.019483331590890884,0.02785394713282585,0.007360369432717562,0.15485639870166779,0.0,0.019627651199698448,0.10665319859981537,0.0,0.012411603704094887,0.036080241203308105,0.03420406952500343,0.04199740290641785,0.006350122857838869,0.0,0.4224274754524231
130,F,0.008674968965351582,0.0,0.009094725362956524,0.0,0.2038617581129074,0.003917727619409561,0.0011193507816642523,0.16412480175495148,0.0,0.29326990246772766,0.006576185580343008,0.0,0.0,0.0,0.0011193507816642523,0.0,0.0022387015633285046,0.05149013549089432,0.0,0.25451236963272095
131,K,0.021739130839705467,0.0,0.0,0.008613618090748787,0.015313098207116127,0.005195515230298042,0.006836204323917627,0.012168443761765957,0.2281925082206726,0.06166256591677666,0.04060705378651619,0.39280831813812256,0.022422751411795616,0.02037188969552517,0.03281378000974655,0.06002187728881836,0.011348099447786808,0.04416188225150108,0.0017774131847545505,0.01394585706293583
132,T,0.02646220661699772,0.0,0.0,0.005970959551632404,0.007463699206709862,0.0113991042599082,0.01818428561091423,0.04613923281431198,0.0,0.010584882460534573,0.0024426651652902365,0.08345773071050644,0.0,0.06174514815211296,0.0,0.08970009535551071,0.4361514449119568,0.07490839809179306,0.05224589630961418,0.07314424961805344
133,T,0.07317402213811874,0.034291885793209076,0.038207102566957474,0.11448629945516586,0.023896314203739166,0.020521128550171852,0.004590252414345741,0.04225732386112213,0.06304846704006195,0.09666531533002853,0.014040771871805191,0.008775482885539532,0.2081814557313919,0.05359794944524765,0.03604698181152344,0.032536789774894714,0.07870932668447495,0.05467800796031952,0.0,0.0022951262071728706
134,G,0.029439568519592285,0.0071573262102901936,0.024307899177074432,0.017555706202983856,0.06347062438726425,0.10668466985225677,0.0,0.1288318634033203,0.012018905952572823,0.1958136409521103,0.0016205266583710909,0.051316678524017334,0.11087103188037872,0.002430790103971958,0.09885212779045105,0.00810263305902481,0.019446320831775665,0.10722484439611435,0.007697501685470343,0.0071573262102901936
135,S,0.029030514881014824,0.0,0.06440723687410355,0.0013502564979717135,0.4505805969238281,0.030785849317908287,0.0021604103967547417,0.009991898201406002,0.06292195618152618,0.0,0.0,0.030785849317908287,0.056710775941610336,0.0017553335055708885,0.05495544150471687,0.06778287887573242,0.03335133567452431,0.009586821310222149,0.0,0.09384282678365707
136,H,0.03727802634239197,0.00718449242413044,0.05530703440308571,0.026162397116422653,0.04690253362059593,0.06425376236438751,0.14572319388389587,0.09868510067462921,0.1403009295463562,0.017080113291740417,0.0,0.09434729814529419,0.02819574438035488,0.07564050704240799,0.034431342035532,0.08228277415037155,0.022909041494131088,0.02087569423019886,0.0,0.0024400162510573864
137,K,0.01227998360991478,0.034656841307878494,0.005457770545035601,0.015008868649601936,0.006958657409995794,0.12880338728427887,0.027288852259516716,0.0019102196674793959,0.5650156736373901,0.008459544740617275,0.013371537439525127,0.03875017166137695,0.015145312994718552,0.002046664012596011,0.04884704574942589,0.03356529027223587,0.0186928641051054,0.013644426129758358,0.0,0.01009687501937151
138,S,0.023432115092873573,0.0,0.02095106802880764,0.02866988256573677,0.021915920078754425,0.24300482869148254,0.0015161957126110792,0.008270158432424068,0.09248793870210648,0.007305306848138571,0.008683666586875916,0.05885596200823784,0.04341833293437958,0.01681598834693432,0.0831150934100151,0.27112334966659546,0.035148173570632935,0.004686423111706972,0.0,0.03059958666563034
139,D,0.05657009407877922,0.009611424058675766,0.04750789329409599,0.06480845808982849,0.007551833055913448,0.0,0.043937936425209045,0.055197034031152725,0.10929562151432037,0.02801043540239334,0.0031580391805619,0.09364272654056549,0.023204723373055458,0.07455718517303467,0.1326376497745514,0.10270492732524872,0.013867911882698536,0.02814774215221405,0.0332280658185482,0.07236029207706451
140,A,0.04241321235895157,0.006298992317169905,0.051371779292821884,0.11590145528316498,0.013717805035412312,0.09238521754741669,0.015817468985915184,0.07418812811374664,0.005319148767739534,0.1443169116973877,0.02113661728799343,0.10022396594285965,0.01595744676887989,0.02001679688692093,0.049552071839571,0.008818589150905609,0.07432810962200165,0.12821948528289795,0.0,0.02001679688692093
141,L,0.00999594759196043,0.010131027549505234,0.0,0.0,0.0911792516708374,0.0,0.0,0.0498446561396122,0.0,0.6774280667304993,0.04241523891687393,0.0,0.06686478108167648,0.0,0.0,0.0,0.0,0.05065514147281647,0.0,0.001485884073190391
142,F,0.0,0.0,0.0,0.0,0.468395471572876,0.0,0.0,0.003241491038352251,0.0,0.0027012426871806383,0.0,0.005132360849529505,0.0,0.0,0.0,0.0,0.0,0.004727174527943134,0.03025391697883606,0.48554834723472595
143,G,0.03685137629508972,0.0,0.0,0.025877252221107483,0.0008128979825414717,0.5630673170089722,0.027367565780878067,0.0,0.006503183860331774,0.01585151068866253,0.0,0.2986045181751251,0.015445061959326267,0.0018967619398608804,0.002438694005832076,0.0,0.001490312977693975,0.0,0.0037935238797217607,0.0
144,K,0.07750677317380905,0.0,0.013279132544994354,0.06029810383915901,0.09065040946006775,0.02547425404191017,0.005962059833109379,0.0600271001458168,0.02981029823422432,0.47289973497390747,0.02601625956594944,0.0,0.011517615057528019,0.01720867119729519,0.00162601622287184,0.037262871861457825,0.011653116904199123,0.016260161995887756,0.018292682245373726,0.02425474300980568
145,H,0.041587647050619125,0.012191818095743656,0.25223517417907715,0.04538065567612648,0.030479544773697853,0.0074505554512143135,0.18626388907432556,0.001083717099390924,0.008263343013823032,0.030885938555002213,0.0,0.10552695393562317,0.02628014050424099,0.03400162607431412,0.02682199887931347,0.03142779693007469,0.04375508055090904,0.003115686820819974,0.016933079808950424,0.09631536155939102
146,L,0.08030488342046738,0.038791343569755554,0.02967197448015213,0.1219545379281044,0.02967197448015213,0.008166598156094551,0.020960936322808266,0.02681366540491581,0.07635769993066788,0.19735947251319885,0.014699877239763737,0.02273036539554596,0.05743841081857681,0.05607730895280838,0.03743024542927742,0.03566081449389458,0.04763849079608917,0.04627739265561104,0.001088879769667983,0.05090513080358505
147,W,0.483607679605484,0.0009522513719275594,0.0,0.0,0.031696368008852005,0.008026119321584702,0.0,0.11046116054058075,0.0,0.16664399206638336,0.02734321914613247,0.0006801795680075884,0.0,0.0010882873320952058,0.0,0.04040266573429108,0.007890082895755768,0.04203509911894798,0.04598014056682587,0.03319276124238968
148,N,0.05907568708062172,0.0,0.06309443712234497,0.07300736755132675,0.0,0.025452109053730965,0.011520428583025932,0.0017414601752534509,0.3324849307537079,0.024112524464726448,0.0009377092937938869,0.03549899533390999,0.019959812983870506,0.12618887424468994,0.120428666472435,0.0755525752902031,0.01781647652387619,0.006697923876345158,0.0,0.0064300065860152245
149,G,0.06570426374673843,0.0,0.03022126294672489,0.08270372450351715,0.0,0.11225040256977081,0.0014840798685327172,0.0,0.3345925509929657,0.04398272931575775,0.0,0.07110092043876648,0.01618996262550354,0.07447382807731628,0.09794927388429642,0.04465731233358383,0.012277388013899326,0.0018888289341703057,0.006206152029335499,0.004317323211580515
150,G,0.1291319578886032,0.04420854523777962,0.08008600026369095,0.05536146089434624,0.0008062348933890462,0.10655737668275833,0.042192958295345306,0.013571620918810368,0.10037624090909958,0.017602795735001564,0.004031174350529909,0.03802741318941116,0.05388336628675461,0.060467615723609924,0.020962106063961983,0.11005105823278427,0.10400430113077164,0.009406073950231075,0.0,0.009271700866520405
151,K,0.06830526888370514,0.0,0.15426398813724518,0.07590983062982559,0.0,0.06233025714755058,0.03259098157286644,0.0,0.2376425862312317,0.015480716712772846,0.0,0.08297120779752731,0.008690929040312767,0.023085279390215874,0.1469310224056244,0.04725692421197891,0.03802281245589256,0.0020369363483041525,0.0,0.004481260199099779
152,K,0.042137857526540756,0.0036348949652165174,0.018847603350877762,0.2084006518125534,0.01050080731511116,0.010096930898725986,0.046445880085229874,0.008077544160187244,0.14687667787075043,0.00996230449527502,0.0014808831037953496,0.031637050211429596,0.03850296139717102,0.09693053364753723,0.09544964879751205,0.0708131417632103,0.10366182029247284,0.022213246673345566,0.0,0.03432956337928772
153,I,0.12117159366607666,0.020195266231894493,0.0,0.0,0.006954661104828119,0.0,0.0,0.2945031523704529,0.0,0.20462752878665924,0.046676475554704666,0.0,0.002006152179092169,0.0,0.0,0.017654139548540115,0.008024608716368675,0.27297043800354004,0.00240738270804286,0.0028086130041629076
154,V,0.008155080489814281,0.001336898421868682,0.0,0.0,0.07433155179023743,0.0012032085796818137,0.0,0.3792780637741089,0.0,0.13823530077934265,0.006951871793717146,0.0,0.0,0.0,0.0,0.006417112424969673,0.027807487174868584,0.30534759163856506,0.0,0.05093582719564438
155,V,0.016847172752022743,0.0,0.0,0.0,0.007621339522302151,0.0,0.0,0.37866026163101196,0.0,0.3394838869571686,0.0016044925432652235,0.0,0.0,0.0,0.0,0.0,0.0,0.2557828724384308,0.0,0.0
156,T,0.021122993901371956,0.11323529481887817,0.0,0.0,0.025802139192819595,0.0,0.04024064168334007,0.0,0.0,0.01122994627803564,0.042379677295684814,0.0,0.0,0.0,0.0,0.038235295563936234,0.2347593605518341,0.4624331593513489,0.007887700572609901,0.002673796843737364
157,E,0.006820005364716053,0.0,0.0,0.9120085835456848,0.0,0.03155924007296562,0.0,0.0,0.006418828386813402,0.0,0.0,0.006151377223432064,0.002941963030025363,0.0,0.0,0.019657662138342857,0.014442364685237408,0.0,0.0,0.0
158,G,0.017103154212236404,0.0,0.011491181328892708,0.0,0.0,0.9008551836013794,0.0030732229351997375,0.0,0.0,0.0,0.0,0.024318546056747437,0.0,0.0,0.019641902297735214,0.017103154212236404,0.0,0.006413682363927364,0.0,0.0
159,E,0.0006680919323116541,0.0,0.0033404596615582705,0.29770177602767944,0.09820951521396637,0.0,0.035275254398584366,0.020176377147436142,0.0,0.024853019043803215,0.0,0.0018706574337556958,0.017103154212236404,0.01683591678738594,0.0,0.0009353287168778479,0.0,0.06721004843711853,0.0,0.4158204197883606
160,I,0.01309285219758749,0.002271209144964814,0.0,0.0,0.14321976900100708,0.006813627202063799,0.0,0.1771543025970459,0.013894455507397652,0.11716766655445099,0.3051436245441437,0.0,0.029792919754981995,0.0,0.01442885771393776,0.002939211670309305,0.13159652054309845,0.022979291155934334,0.0010688042966648936,0.018436873331665993
161,D,0.0,0.0,0.9755478501319885,0.007883484475314617,0.0,0.0,0.0,0.0,0.005077498499304056,0.0,0.0,0.0,0.0,0.0,0.0,0.011491181328892708,0.0,0.0,0.0,0.0
162,M,0.2817539572715759,0.11981873959302902,0.0,0.0,0.0029321603942662477,0.0,0.0029321603942662477,0.0,0.028122084215283394,0.005331201013177633,0.019725443795323372,0.0,0.0,0.0006664001266472042,0.0,0.01652672328054905,0.012661602348089218,0.5061975121498108,0.003332000458613038,0.0
163,L,0.014000000432133675,0.0,0.005066666752099991,0.0,0.012400000356137753,0.0,0.0,0.32066667079925537,0.0,0.3476000130176544,0.18346667289733887,0.0033333334140479565,0.0,0.0,0.0,0.0,0.0,0.1125333309173584,0.0,0.0009333333582617342
164,T,0.4857333302497864,0.006800000090152025,0.0,0.0,0.0,0.04053333401679993,0.0,0.010133333504199982,0.007466666866093874,0.004000000189989805,0.017999999225139618,0.011599999852478504,0.0006666666595265269,0.018133332952857018,0.012266666628420353,0.2794666588306427,0.09839999675750732,0.006800000090152025,0.0,0.0
165,V,0.11388184875249863,0.05680757388472557,0.0,0.0,0.07214295119047165,0.043872516602277756,0.0,0.1160154715180397,0.0,0.3911188244819641,0.06774236261844635,0.0,0.0008001066744327545,0.0,0.0,0.02253633737564087,0.012535004876554012,0.08907854557037354,0.0,0.01346846204251051
166,M,0.15274623036384583,0.002405452309176326,0.008552719838917255,0.03982359915971756,0.05372177064418793,0.04035814478993416,0.2062007188796997,0.02044634521007538,0.006147267296910286,0.0330081507563591,0.07643993198871613,0.02445543184876442,0.0,0.025524523109197617,0.02445543184876442,0.06107176095247269,0.016570894047617912,0.02138179913163185,0.0541226789355278,0.1325671523809433
167,E,0.04185611009597778,0.01711687631905079,0.016849424690008163,0.12249264866113663,0.0,0.0021396095398813486,0.0,0.0017384326783940196,0.06672906875610352,0.05215298384428024,0.009494516998529434,0.007087456528097391,0.0010698047699406743,0.5207274556159973,0.0373094417154789,0.058839261531829834,0.014576089568436146,0.015378443524241447,0.0,0.014442364685237408
168,L,0.32645678520202637,0.004286671057343483,0.0010716677643358707,0.05894172936677933,0.03991962596774101,0.005626255646348,0.06845278292894363,0.023174814879894257,0.009511051699519157,0.09109175950288773,0.046617548912763596,0.062022771686315536,0.0,0.035097118467092514,0.006162089761346579,0.09323509782552719,0.004554587882012129,0.034293368458747864,0.0,0.08948425948619843
169,Q,0.006699718534946442,0.0,0.015543347224593163,0.006163740996271372,0.00803966261446476,0.6656840443611145,0.0006699718651361763,0.006833713036030531,0.013801420107483864,0.028942784294486046,0.014471392147243023,0.02787083014845848,0.0,0.04019831120967865,0.0021439099218696356,0.023047031834721565,0.10384564101696014,0.00200991565361619,0.0,0.034034568816423416
170,D,0.0006697923527099192,0.0,0.028131280094385147,0.01607501693069935,0.18914936482906342,0.10837240517139435,0.002545210998505354,0.31225720047950745,0.059477560222148895,0.05036838725209236,0.010448761284351349,0.020495645701885223,0.008037508465349674,0.0,0.006296048406511545,0.009109175764024258,0.007099798880517483,0.11574012041091919,0.0,0.05572672560811043
171,C,0.0797872319817543,0.15425531566143036,0.16808511316776276,0.0,0.0,0.058510638773441315,0.0,0.0,0.0,0.06276595592498779,0.01595744676887989,0.05319149047136307,0.0,0.28617021441459656,0.0,0.12127659469842911,0.0,0.0,0.0,0.0
172,K,0.04723779112100601,0.0,0.4219375550746918,0.012009607627987862,0.0,0.029623698443174362,0.0,0.0,0.33947157859802246,0.0,0.0,0.034427542239427567,0.0,0.0,0.0,0.09047237783670425,0.0176140908151865,0.0,0.0,0.007205764763057232
173,Y,0.07983130216598511,0.0009037505369633436,0.05844253674149513,0.09263443201780319,0.02620876580476761,0.01882813684642315,0.014460008591413498,0.012351257726550102,0.12712757289409637,0.055580660700798035,0.0,0.04970628023147583,0.047748155891895294,0.04172315075993538,0.09941256046295166,0.01912938617169857,0.0783250480890274,0.03404127061367035,0.01928001269698143,0.12426570057868958
174,P,0.06731034815311432,0.01586206816136837,0.008137931115925312,0.023034483194351196,0.02813793160021305,0.036827586591243744,0.04455172270536423,0.01172413770109415,0.0020689654629677534,0.06468965858221054,0.0,0.33186206221580505,0.17117241024971008,0.01972413808107376,0.019448276609182358,0.03462069109082222,0.07682758569717407,0.0020689654629677534,0.0015172413550317287,0.04041379317641258
175,V,0.40050026774406433,0.03877153992652893,0.0,0.0,0.040578097105026245,0.01750972680747509,0.008198999799787998,0.0006948304362595081,0.0,0.0,0.002918287878856063,0.0,0.0,0.0,0.0,0.05155641958117485,0.11798220872879028,0.3129516541957855,0.0,0.008337965235114098
176,V,0.03823649510741234,0.010749761946499348,0.0001360729365842417,0.0001360729365842417,0.0229963269084692,0.0047625526785850525,0.0001360729365842417,0.1853313446044922,0.0001360729365842417,0.07524833083152771,0.0001360729365842417,0.0001360729365842417,0.0001360729365842417,0.0001360729365842417,0.0001360729365842417,0.0001360729365842417,0.011294053867459297,0.636549174785614,0.013335147872567177,0.0001360729365842417
177,S,0.5450154542922974,0.02428552322089672,0.0,0.0,0.0,0.07795518636703491,0.0,0.0,0.0,0.0,0.0,0.0,0.0065745338797569275,0.0,0.0,0.3293975591659546,0.015832550823688507,0.0009392190841026604,0.0,0.0
178,L,0.05954645201563835,0.00804681796580553,0.0,0.0,0.059253841638565063,0.0,0.0,0.03525969386100769,0.0,0.27198243141174316,0.0,0.019019750878214836,0.03979517146945,0.007461594883352518,0.0,0.14615947008132935,0.1798098087310791,0.15610826015472412,0.012582297436892986,0.00497439643368125
179,G,0.0,0.07364286482334137,0.0,0.0,0.022443540394306183,0.0946836844086647,0.001683265552856028,0.04699116200208664,0.010520409792661667,0.2192453294992447,0.09720858186483383,0.03689156845211983,0.2973769009113312,0.006312245968729258,0.0023846260737627745,0.03408612683415413,0.012484218925237656,0.03815401718020439,0.0,0.0058914292603731155
180,H,0.005504587199538946,0.07260812819004059,0.10327654331922531,0.0,0.03591087833046913,0.0948885977268219,0.06657928973436356,0.0,0.025425950065255165,0.17457404732704163,0.013892529532313347,0.12922672927379608,0.0,0.002096985699608922,0.07444299012422562,0.09986893832683563,0.0927916094660759,0.008912188932299614,0.0,0.0
181,G,0.0,0.0,0.0,0.014088323339819908,0.002980222227051854,0.8337848782539368,0.0,0.0024383636191487312,0.0,0.0,0.0,0.0,0.0,0.0,0.0,0.015307504683732986,0.02668653428554535,0.10471417009830475,0.0,0.0
182,A,0.24004334211349487,0.0,0.002573828212916851,0.027905717492103577,0.0,0.010159848257899284,0.0065023028291761875,0.005283121019601822,0.0331888385117054,0.010159848257899284,0.0,0.021809807047247887,0.0,0.0,0.03982660546898842,0.05323760583996773,0.5224871039390564,0.02682199887931347,0.0,0.0
183,S,0.3662618100643158,0.0,0.0,0.004183535929769278,0.04534412920475006,0.05155195668339729,0.0,0.05681511387228966,0.024021591991186142,0.012010795995593071,0.007152496837079525,0.061268556863069534,0.0615384615957737,0.07165992259979248,0.0,0.18272604048252106,0.04278002679347992,0.012685559689998627,0.0,0.0
184,A,0.05277292802929878,0.09305761009454727,0.010071169584989548,0.0033570565283298492,0.11561702936887741,0.027662144973874092,0.0,0.05277292802929878,0.005639854818582535,0.2789042592048645,0.014636766165494919,0.03585336357355118,0.034779105335474014,0.0037599033676087856,0.03652477636933327,0.1054115742444992,0.08097220212221146,0.038136161863803864,0.0008056935621425509,0.009265475906431675
185,A,0.11160354316234589,0.0018802041886374354,0.053048618137836456,0.006849315017461777,0.006849315017461777,0.050765510648489,0.0,0.04781090468168259,0.045124899595975876,0.1547139436006546,0.0,0.05385441705584526,0.007923717610538006,0.009803921915590763,0.0009401020943187177,0.07413376122713089,0.3647595942020416,0.004297609440982342,0.0056406124494969845,0.0
186,K,0.09521891176700592,0.0,0.04807950556278229,0.20292775332927704,0.005506312008947134,0.03276927024126053,0.004163309000432491,0.009938221424818039,0.12745098769664764,0.0038947085849940777,0.0,0.023502551019191742,0.18291699886322021,0.04781090468168259,0.042035993188619614,0.10018801689147949,0.023771151900291443,0.034783776849508286,0.006849315017461777,0.008192317560315132
187,K,0.03426448255777359,0.0,0.14448878169059753,0.2320077121257782,0.0015136920846998692,0.00935736857354641,0.030273839831352234,0.029998624697327614,0.07527177780866623,0.04830053821206093,0.0028897756710648537,0.06866657733917236,0.05807073041796684,0.08201458305120468,0.0620613731443882,0.06811614334583282,0.024494288489222527,0.010458235628902912,0.0,0.017751479521393776
188,T,0.15910930931568146,0.003846153849735856,0.04129554703831673,0.0736842080950737,0.010323886759579182,0.0,0.20222671329975128,0.004655870608985424,0.042307693511247635,0.015789473429322243,0.0,0.013360324315726757,0.003643724601715803,0.17408907413482666,0.0,0.0568825900554657,0.048380568623542786,0.03076923079788685,0.08623481541872025,0.03340081125497818
189,C,0.006669630762189627,0.062249887734651566,0.0,0.0,0.0035571365151554346,0.0,0.0,0.44553133845329285,0.0,0.34771010279655457,0.045353490859270096,0.0,0.0,0.0,0.0,0.0,0.0,0.08892840892076492,0.0,0.0
190,A,0.18471337854862213,0.0,0.03269639238715172,0.21698513627052307,0.009341825731098652,0.036518048495054245,0.0,0.00806794036179781,0.1414012759923935,0.0,0.0,0.004670912865549326,0.0,0.06284501403570175,0.04925689846277237,0.012314224615693092,0.003821656107902527,0.21231421828269958,0.025053078308701515,0.0
191,A,0.11078502982854843,0.0,0.03998532518744469,0.00953778438270092,0.014673514291644096,0.038884811103343964,0.0033015406224876642,0.03778430074453354,0.19038884341716766,0.023110784590244293,0.021276595070958138,0.12802641093730927,0.0,0.07226705551147461,0.19148936867713928,0.04071900248527527,0.04805576056241989,0.02494497410953045,0.0,0.00476889219135046
192,N,0.018833450973033905,0.010962754487991333,0.00632466608658433,0.042726632207632065,0.022909346967935562,0.0021082221064716578,0.17301476001739502,0.06704146414995193,0.020801125094294548,0.22023893892765045,0.014195362105965614,0.08671820163726807,0.00632466608658433,0.16640900075435638,0.0,0.00983836967498064,0.006746310740709305,0.1228390708565712,0.0019676738884299994,0.0
193,Y,0.05715443938970566,0.004729090724140406,0.0,0.007431428413838148,0.01337657030671835,0.0013511687284335494,0.004053506068885326,0.2060532420873642,0.0322929322719574,0.3556276261806488,0.01756519451737404,0.009728414937853813,0.0,0.04512903839349747,0.05918119102716446,0.026212673634290695,0.0029725711792707443,0.08823131769895554,0.02607755735516548,0.04283205047249794
194,E,0.03554534539580345,0.007163130212575197,0.07190161198377609,0.19380997121334076,0.00675767008215189,0.017705095931887627,0.023246385157108307,0.021083930507302284,0.10906879603862762,0.02608460560441017,0.011758346110582352,0.01892147585749626,0.18002432584762573,0.07528044283390045,0.10987970978021622,0.013785646297037601,0.06811731308698654,0.007433436810970306,0.0,0.002432761248201132
195,Y,0.036216218024492264,0.009054054506123066,0.018648648634552956,0.004864864982664585,0.019594594836235046,0.014729729853570461,0.05162162333726883,0.08972972631454468,0.0972972959280014,0.3331080973148346,0.02040540613234043,0.010810811072587967,0.0035135135985910892,0.016351351514458656,0.08013513684272766,0.011621621437370777,0.00648648664355278,0.032972972840070724,0.009594595059752464,0.13324324786663055
196,F,0.0071602268144488335,0.007295325398445129,0.0,0.009592002257704735,0.11807619780302048,0.003107268363237381,0.0,0.08984058350324631,0.02783031575381756,0.5980815887451172,0.0562010258436203,0.008916509337723255,0.0,0.010132396593689919,0.00878141075372696,0.0040529584512114525,0.013104566372931004,0.018778707832098007,0.0025668737944215536,0.016482030972838402
197,D,0.029820788651704788,0.0008602150483056903,0.09132616221904755,0.14939068257808685,0.028100358322262764,0.007885304279625416,0.011612903326749802,0.0017204300966113806,0.1921146959066391,0.010609319433569908,0.017060931771993637,0.042007166892290115,0.0015770609024912119,0.054767023772001266,0.1942652314901352,0.046164873987436295,0.024659497663378716,0.0022939068730920553,0.0764157697558403,0.01734767109155655
198,Q,0.017922112718224525,0.0005390109145082533,0.032071150839328766,0.04406414180994034,0.009567443281412125,0.08219916373491287,0.012262498028576374,0.02021290920674801,0.23527826368808746,0.030184611678123474,0.0018865382298827171,0.025198759511113167,0.0036383236292749643,0.15213583409786224,0.20846247673034668,0.0471634566783905,0.025872524827718735,0.009836949408054352,0.0,0.04150383919477463
199,F,0.10305653512477875,0.005409791599959135,0.025155531242489815,0.04841763526201248,0.3025425970554352,0.056532323360443115,0.003922098781913519,0.06681092828512192,0.005815526004880667,0.049093861132860184,0.009467135183513165,0.018122801557183266,0.0,0.008790911175310612,0.0005409791483543813,0.05720854923129082,0.10265079885721207,0.09845820814371109,0.0,0.03800378739833832
200,E,0.024543223902583122,0.0,0.14166894555091858,0.14671394228935242,0.0008181074517779052,0.012817016802728176,0.020725388079881668,0.0014998636906966567,0.26888465881347656,0.003136078594252467,0.0,0.11098991334438324,0.017452958971261978,0.04704117774963379,0.06340332329273224,0.10076356679201126,0.034496862441301346,0.005044995807111263,0.0,0.0
201,Q,0.0024235895834863186,0.003231452777981758,0.03204524144530296,0.20694762468338013,0.0,0.0028275211807340384,0.039046719670295715,0.01009828969836235,0.23629999160766602,0.003231452777981758,0.0,0.08469099551439285,0.01373367477208376,0.05951258912682533,0.16332301497459412,0.03554598242044449,0.10192541033029556,0.005116466898471117,0.0,0.0
202,I,0.01225754339247942,0.0,0.0,0.0,0.027074353769421577,0.0,0.0,0.39331895112991333,0.0,0.08661098778247833,0.0017510775942355394,0.0,0.0556303896009922,0.0,0.0,0.0,0.002963362028822303,0.4143318831920624,0.006061422638595104,0.0
203,I,0.008755387738347054,0.007139008492231369,0.0026939655654132366,0.0009428879129700363,0.06209590658545494,0.0,0.015490301884710789,0.3603178858757019,0.0008081896812655032,0.05684267356991768,0.01629849150776863,0.006465517450124025,0.0,0.0,0.0,0.004040948115289211,0.04189116507768631,0.2665678858757019,0.0,0.14964978396892548
204,L,0.002697599120438099,0.042352307587862015,0.0,0.0,0.15632587671279907,0.0,0.0,0.3009171783924103,0.0,0.4072026014328003,0.014836795628070831,0.0,0.0,0.0,0.0,0.0,0.004046398680657148,0.033180467784404755,0.013083355501294136,0.025357432663440704
205,M,0.18775290250778198,0.31845158338546753,0.0,0.0,0.02131103351712227,0.023469112813472748,0.0,0.010250876657664776,0.0,0.07418397814035416,0.08403021097183228,0.02603183127939701,0.0,0.0,0.0,0.051254384219646454,0.05557054281234741,0.03385486826300621,0.11383868008852005,0.0
206,F,0.012813596054911613,0.0,0.0,0.0,0.4479363262653351,0.0,0.013487995602190495,0.0,0.0,0.21607768535614014,0.055435661226511,0.0005395198240876198,0.0014836795162409544,0.036687348037958145,0.0,0.0,0.06973293423652649,0.011329916305840015,0.0,0.13447532057762146
207,D,0.0,0.0,0.9579797387123108,0.0,0.0,0.04202025756239891,0.0,0.0,0.0,0.0,0.0,0.0,0.0,0.0,0.0,0.0,0.0,0.0,0.0,0.0
208,M,0.08538588136434555,0.0,0.061713192611932755,0.0006841816939413548,0.039819374680519104,0.41543513536453247,0.0,0.0,0.044608648866415024,0.0,0.05596606433391571,0.1943076103925705,0.009304871782660484,0.007799671497195959,0.021209632977843285,0.037082649767398834,0.018746579065918922,0.007936508394777775,0.0,0.0
209,D,0.0,0.0,0.9627652168273926,0.037234771996736526,0.0,0.0,0.0,0.0,0.0,0.0,0.0,0.0,0.0,0.0,0.0,0.0,0.0,0.0,0.0,0.0
210,E,0.14485213160514832,0.0,0.07242606580257416,0.27710843086242676,0.007667031604796648,0.05572289228439331,0.0006845564348623157,0.009583789855241776,0.0906352698802948,0.04025191813707352,0.00848849955946207,0.04162102937698364,0.015607886016368866,0.047782037407159805,0.07406900078058243,0.07612267136573792,0.01903066784143448,0.01588170789182186,0.0,0.0024644031655043364
211,A,0.6455280184745789,0.0,0.0,0.013559786602854729,0.0,0.0,0.0,0.004656896460801363,0.003013285808265209,0.018627585843205452,0.0,0.0,0.12751677632331848,0.005067798774689436,0.05341733992099762,0.048486508429050446,0.053965210914611816,0.024243254214525223,0.0,0.001917545567266643
212,G,0.0006981290061958134,0.0,0.0,0.0,0.0,0.9511309862136841,0.0,0.0,0.0,0.0,0.0,0.0,0.0,0.0,0.0,0.042865119874477386,0.005305780563503504,0.0,0.0,0.0
213,R,0.01284736767411232,0.0,0.025555090978741646,0.017316017299890518,0.006004747934639454,0.0006982265040278435,0.02611367218196392,0.05781315639615059,0.08490434288978577,0.13852813839912415,0.020248569548130035,0.021784666925668716,0.0,0.24074849486351013,0.23893311619758606,0.004049713723361492,0.01703672669827938,0.01885211654007435,0.04678117483854294,0.021784666925668716
214,K,0.06487450003623962,0.0,0.04306679591536522,0.13276642560958862,0.0,0.0010972431628033519,0.012343985959887505,0.004114661831408739,0.37896037101745605,0.01316691841930151,0.006857770029455423,0.057879578322172165,0.0,0.03936360031366348,0.15992319583892822,0.06075984239578247,0.017007268965244293,0.0016458648024126887,0.0,0.006171992979943752
215,A,0.6214178204536438,0.0021938844583928585,0.004387768916785717,0.000959824479650706,0.008775537833571434,0.10667763650417328,0.0,0.01000959798693657,0.0,0.05621829256415367,0.012614835985004902,0.022624434903264046,0.0,0.013300425373017788,0.046071574091911316,0.07390648871660233,0.013848896138370037,0.0,0.0,0.00699300691485405
216,V,0.499931275844574,0.002061855746433139,0.0,0.009347079321742058,0.0,0.0037113402504473925,0.0,0.047972507774829865,0.0024742267560213804,0.0010996563360095024,0.012508590705692768,0.04824742302298546,0.0023367698304355145,0.047972507774829865,0.03216494992375374,0.11477663367986679,0.11257731914520264,0.06281787157058716,0.0,0.0
217,E,0.04618556797504425,0.003986254334449768,0.041374571621418,0.17402061820030212,0.040549829602241516,0.00439862534403801,0.006872852332890034,0.06542955338954926,0.07835051417350769,0.155601367354393,0.040137458592653275,0.054845359176397324,0.0,0.058144330978393555,0.04192439839243889,0.02625429630279541,0.01388316135853529,0.02281786873936653,0.09140893816947937,0.033814433962106705
218,E,0.09579439461231232,0.0,0.016630016267299652,0.13730071485042572,0.0,0.002199010457843542,0.03779549151659012,0.006047278642654419,0.18870258331298828,0.028862012550234795,0.0,0.03752061724662781,0.0,0.05470038577914238,0.3488180339336395,0.026388125494122505,0.008658603765070438,0.008658603765070438,0.0,0.0019241340924054384
219,A,0.35455045104026794,0.01787187159061432,0.0,0.0,0.0932086855173111,0.031894419342279434,0.0038493264000862837,0.04385482519865036,0.0,0.21872422099113464,0.0019246632000431418,0.003574374597519636,0.0,0.007561177015304565,0.007148749195039272,0.03931811824440956,0.07107505947351456,0.095683254301548,0.005911465268582106,0.0038493264000862837
220,A,0.38166549801826477,0.009657102636992931,0.002379286102950573,0.012876137159764767,0.03988803178071976,0.07067879289388657,0.0,0.10734779387712479,0.014415674842894077,0.1697690635919571,0.01189643144607544,0.0,0.0,0.010216934606432915,0.022813156247138977,0.08285514265298843,0.004338698461651802,0.04884534701704979,0.0,0.010356892831623554
221,Q,0.050734877586364746,0.0,0.09242510050535202,0.2726116478443146,0.005935556720942259,0.03363482281565666,0.005652911029756069,0.007207461632788181,0.11065573990345001,0.008196720853447914,0.005794234108179808,0.08747880160808563,0.01342566404491663,0.06302995979785919,0.19347088038921356,0.029112493619322777,0.007772753015160561,0.0007066138787195086,0.0038157152011990547,0.00833804439753294
222,V,0.03983378782868385,0.0,0.03596503660082817,0.04413239657878876,0.0012895830441266298,0.0025791660882532597,0.004155322909355164,0.08138702064752579,0.14271385967731476,0.21478721499443054,0.012895829975605011,0.06175670027732849,0.0014328700490295887,0.07078377902507782,0.1117638647556305,0.05817452445626259,0.06763146817684174,0.041409943252801895,0.0,0.007307637017220259
223,L,0.004790940787643194,0.02395470440387726,0.0,0.0,0.0696864128112793,0.0,0.0,0.08855981379747391,0.0,0.7694541215896606,0.022212544456124306,0.0,0.0,0.0,0.0024680604692548513,0.008710801601409912,0.0011614401591941714,0.009001161903142929,0.0,0.0
224,P,0.08804380148649216,0.0,0.011541876010596752,0.06348031759262085,0.0029594553634524345,0.1889612376689911,0.012133767828345299,0.01568511314690113,0.12281740456819534,0.08242083340883255,0.006658774800598621,0.06969517469406128,0.08833974599838257,0.06584788113832474,0.02027226984500885,0.09529446810483932,0.034181710332632065,0.029890500009059906,0.0,0.001775673241354525
225,A,0.1150902509689331,0.0,0.14194945991039276,0.15812274813652039,0.003321299562230706,0.00794223789125681,0.007220216561108828,0.047364622354507446,0.06007220223546028,0.0789891704916954,0.020216606557369232,0.038989171385765076,0.1273646205663681,0.02296028845012188,0.06007220223546028,0.04317689687013626,0.04967509210109711,0.01689530722796917,0.0,0.0005776173202320933
226,G,0.06179352104663849,0.0,0.015975885093212128,0.11650338768959045,0.028485305607318878,0.20437076687812805,0.11574981361627579,0.005576488096266985,0.09419743716716766,0.07626224309206009,0.016428032889962196,0.05154483765363693,0.002562170382589102,0.10248681157827377,0.02908816933631897,0.01763376034796238,0.014920874498784542,0.03436322510242462,0.0,0.012057271786034107
227,K,0.02110389620065689,0.0,0.025383707135915756,0.047963399440050125,0.02257969230413437,0.14669421315193176,0.0029515938367694616,0.0038370720576494932,0.2618063688278198,0.008707202039659023,0.0014757969183847308,0.0535714291036129,0.010330578312277794,0.05947461724281311,0.2724321186542511,0.022874852642416954,0.018890200182795525,0.01549586746841669,0.0,0.004427390638738871
228,V,0.055683452636003494,0.16604316234588623,0.00014388488489203155,0.00014388488489203155,0.06489208340644836,0.00014388488489203155,0.004316546954214573,0.2654676139354706,0.002446043072268367,0.06172661855816841,0.010647482238709927,0.010071942582726479,0.0008633093675598502,0.007194244768470526,0.016546763479709625,0.04302158206701279,0.10345323383808136,0.17640288174152374,0.00014388488489203155,0.010647482238709927
229,R,0.010867990553379059,0.0018837850075215101,0.00941892433911562,0.020142007619142532,0.06100565195083618,0.023329952731728554,0.009708737954497337,0.0031879437156021595,0.22648891806602478,0.0026083176489919424,0.002173597924411297,0.046514999121427536,0.0,0.029271120205521584,0.242573544383049,0.14099405705928802,0.04071873798966408,0.01391102746129036,0.04419649392366409,0.07100420445203781
230,V,0.028405796736478806,0.01014492753893137,0.0,0.0,0.26391303539276123,0.0008695652359165251,0.003913043532520533,0.21637681126594543,0.0,0.10376811772584915,0.0031884058844298124,0.006956521887332201,0.0013043478829786181,0.0,0.11072463542222977,0.0026086957659572363,0.008695651777088642,0.239130437374115,0.0,0.0
231,A,0.13863538205623627,0.017238881438970566,0.0,0.0,0.021150223910808563,0.0,0.0,0.17615529894828796,0.0057945819571614265,0.20947414636611938,0.028972910717129707,0.0,0.0,0.0,0.0018832391360774636,0.008112414740025997,0.009126466698944569,0.3562219440937042,0.0020281036850064993,0.02520643174648285
232,V,0.0015935100382193923,0.0023178327828645706,0.01564537174999714,0.05157177895307541,0.1448645442724228,0.0,0.03838910534977913,0.02259887009859085,0.0465015210211277,0.10517166554927826,0.012748080305755138,0.03578154370188713,0.0060843112878501415,0.06446472555398941,0.0982181653380394,0.055627986788749695,0.1900622844696045,0.10444734245538712,0.0018832391360774636,0.0020281036850064993
233,L,0.010761196725070477,0.0017407818231731653,0.0,0.008387402631342411,0.052065201103687286,0.0012660231441259384,0.0022155405022203922,0.08229149878025055,0.008387402631342411,0.5038772225379944,0.05301471799612045,0.017249565571546555,0.05602152273058891,0.0,0.0,0.004747586790472269,0.025162208825349808,0.03149232640862465,0.0873555913567543,0.05396423488855362
234,P,0.00182704022154212,0.0,0.06257613003253937,0.024056028574705124,0.0025883070193231106,0.005328867118805647,0.005937880836427212,0.0,0.04400121793150902,0.008373933844268322,0.0,0.014920827932655811,0.7580694556236267,0.015225335024297237,0.013702801428735256,0.014768575318157673,0.027862362563610077,0.0007612667395733297,0.0,0.0
235,C,0.0314900167286396,0.11981566995382309,0.022580645978450775,0.04039938375353813,0.0044546849094331264,0.40384024381637573,0.015668202191591263,0.015053763054311275,0.08064515888690948,0.11290322244167328,0.003225806402042508,0.029800307005643845,0.0009216589969582856,0.018433179706335068,0.0024577572476118803,0.010599078610539436,0.0027649770490825176,0.03379416465759277,0.0,0.051152072846889496
236,K,0.004001847002655268,0.001077420311048627,0.03032168745994568,0.14637525379657745,0.0,0.0012313375482335687,0.05464060232043266,0.04679082706570625,0.46190550923347473,0.08203786611557007,0.06325996667146683,0.019239649176597595,0.02524241991341114,0.03678620979189873,0.0033861782867461443,0.004155764356255531,0.004925350192934275,0.004771432839334011,0.0,0.00985070038586855
237,D,0.0,0.0,0.9933292865753174,0.000909642199985683,0.0,0.005761067382991314,0.0,0.0,0.0,0.0,0.0,0.0,0.0,0.0,0.0,0.0,0.0,0.0,0.0,0.0
238,A,0.2882486879825592,0.0,0.0,0.0,0.0,0.0,0.0,0.024260804057121277,0.0,0.06671720743179321,0.0021228203549981117,0.0,0.5009856224060059,0.0,0.0,0.0,0.0,0.09492039680480957,0.022744502872228622,0.0
239,N,0.04473085701465607,0.023957543075084686,0.4624715745449066,0.0,0.0015163002535700798,0.011372251436114311,0.0,0.0,0.0,0.0,0.0,0.40758150815963745,0.0,0.0,0.0,0.02880970388650894,0.010159211233258247,0.0,0.0,0.009401061572134495
240,E,0.006973923649638891,0.0,0.40069738030433655,0.34854456782341003,0.0,0.004093389958143234,0.0,0.0,0.014705882407724857,0.0,0.0,0.006215888541191816,0.0,0.0033353548496961594,0.0,0.14569436013698578,0.0548817478120327,0.014857489615678787,0.0,0.0
241,C,0.05259966477751732,0.043353039771318436,0.0,0.0,0.17371532320976257,0.0,0.01803850196301937,0.04411096125841141,0.0,0.24814309179782867,0.07579202950000763,0.0,0.0,0.0004547521530184895,0.0,0.0,0.010307715274393559,0.09398211538791656,0.010762467980384827,0.22874033451080322
242,H,0.041698843240737915,0.010965251363813877,0.0,0.0,0.06239382177591324,0.02208494208753109,0.017297297716140747,0.1559845507144928,0.0,0.4500386118888855,0.0016988416900858283,0.0,0.0,0.0,0.013899614103138447,0.011891892179846764,0.0026254826225340366,0.17590732872486115,0.011891892179846764,0.021621622145175934
243,L,0.06613879650831223,0.01024685613811016,0.0009315323550254107,0.001086787786334753,0.0071417479775846004,0.006520726718008518,0.006831237580627203,0.03679553046822548,0.15339232981204987,0.12311752885580063,0.10029498487710953,0.050147492438554764,0.0,0.0798012763261795,0.2563266456127167,0.004347151145339012,0.03943486884236336,0.05620245262980461,0.0,0.0012420432176440954
244,N,0.22002843022346497,0.0,0.01516348123550415,0.06365503370761871,0.0,0.0036329173017293215,0.007423787843436003,0.002843152731657028,0.21276259422302246,0.0143737168982625,0.006476070266216993,0.09319222718477249,0.0,0.11183067411184311,0.09998420625925064,0.12794187664985657,0.014057810418307781,0.006634023040533066,0.0,0.0
245,G,0.008007843978703022,0.0009805524023249745,0.04200032725930214,0.10099689662456512,0.04052949696779251,0.17993135750293732,0.11619545519351959,0.016015687957406044,0.08400065451860428,0.009478673338890076,0.0,0.13956528902053833,0.001307403203099966,0.045432258397340775,0.0712534710764885,0.03301192820072174,0.0016342540038749576,0.0016342540038749576,0.0,0.10802418738603592
246,H,0.004524067975580692,0.0,0.021353600546717644,0.02823018468916416,0.0,0.5886717438697815,0.03709735721349716,0.004885993432253599,0.05157437548041344,0.0027144409250468016,0.0,0.06496562063694,0.018277235329151154,0.04795512184500694,0.07184220105409622,0.037640247493982315,0.010133912786841393,0.010133912786841393,0.0,0.0
247,D,0.20821048319339752,0.0013608528533950448,0.08913585543632507,0.03198004141449928,0.006123837549239397,0.01837151311337948,0.009525969624519348,0.004082558210939169,0.22658199071884155,0.025629393756389618,0.0015876615652814507,0.040145158767700195,0.07144477218389511,0.027897482737898827,0.0421864353120327,0.07688818126916885,0.08754819631576538,0.02154683694243431,0.0,0.009752778336405754
248,R,0.09863945841789246,0.0,0.18812140822410583,0.28728413581848145,0.0,0.0070643643848598,0.0,0.0,0.11093667894601822,0.0,0.0,0.02302459441125393,0.003401360474526882,0.06567241996526718,0.09890110045671463,0.07718472182750702,0.03976975381374359,0.0,0.0,0.0
249,E,0.4297420382499695,0.0,0.020637329667806625,0.24613049626350403,0.031866464763879776,0.022154780104756355,0.0015174506697803736,0.0,0.06646434217691422,0.0,0.0,0.04461304843425751,0.0,0.02488619089126587,0.027314111590385437,0.019726859405636787,0.05341426283121109,0.011532625183463097,0.0,0.0
250,I,0.0,0.008955223485827446,0.0,0.0,0.5570895671844482,0.0,0.0,0.08320895582437515,0.0,0.09776119142770767,0.020895522087812424,0.0,0.0,0.0,0.0,0.0,0.016791045665740967,0.2078358232975006,0.0,0.007462686393409967
251,M,0.057542767375707626,0.0,0.0,0.04043545946478844,0.0,0.0,0.0,0.10679108649492264,0.01088646985590458,0.20114049315452576,0.10990150272846222,0.002592016477137804,0.0,0.016070503741502762,0.06791083514690399,0.030585795640945435,0.059097979217767715,0.2120269536972046,0.002592016477137804,0.08242613077163696
252,E,0.029666254296898842,0.0,0.4616810977458954,0.18294189870357513,0.0,0.0,0.004326328635215759,0.0,0.07911001145839691,0.0,0.0,0.01606922037899494,0.0,0.1409147083759308,0.06736712157726288,0.0,0.01792336255311966,0.0,0.0,0.0
253,Q,0.32499998807907104,0.014423076994717121,0.0,0.06826923042535782,0.0,0.0,0.0,0.0,0.0,0.11538461595773697,0.1884615421295166,0.0,0.0,0.23461538553237915,0.01923076994717121,0.02788461558520794,0.0,0.0,0.0,0.006730769295245409
254,V,0.0,0.0,0.0,0.0,0.0,0.0,0.0,0.5858585834503174,0.0,0.0,0.023989899083971977,0.0,0.0,0.0,0.0,0.0,0.0,0.14141413569450378,0.2487373799085617,0.0
255,W,0.0,0.0,0.0,0.0,0.0,0.0,0.0,0.0,0.0,0.0,0.0,0.0,0.0,0.0,0.0,0.0,0.0,0.0,1.0,0.0
